{
 "cells": [
  {
   "cell_type": "code",
   "execution_count": 2,
   "id": "26b98231",
   "metadata": {},
   "outputs": [],
   "source": [
    "import numpy as np\n",
    "import plotly.graph_objects as go\n",
    "from scipy.io import loadmat\n"
   ]
  },
  {
   "cell_type": "code",
   "execution_count": 3,
   "id": "edcd8238",
   "metadata": {},
   "outputs": [],
   "source": [
    "data = loadmat('citys_data.mat')  # 请替换为实际文件路径\n",
    "citys = data['citys']"
   ]
  },
  {
   "cell_type": "code",
   "execution_count": 18,
   "id": "a1578736",
   "metadata": {},
   "outputs": [
    {
     "data": {
      "text/plain": [
       "{'__header__': b'MATLAB 5.0 MAT-file, Platform: PCWIN64, Created on: Tue Nov 05 15:05:01 2019',\n",
       " '__version__': '1.0',\n",
       " '__globals__': [],\n",
       " 'citys': array([[1501, 2154],\n",
       "        [4521, 2015],\n",
       "        [4234, 1535],\n",
       "        [2543, 3514],\n",
       "        [2451, 2465],\n",
       "        [3326, 1521],\n",
       "        [1548, 2415],\n",
       "        [3549, 1504],\n",
       "        [4358, 1546],\n",
       "        [4950,  600],\n",
       "        [3549, 2546],\n",
       "        [2647,  900],\n",
       "        [4566, 1576],\n",
       "        [1545, 1676],\n",
       "        [1765,  900],\n",
       "        [3456, 3544],\n",
       "        [2151, 1542],\n",
       "        [4061, 2248],\n",
       "        [3155, 2647],\n",
       "        [3888, 3551],\n",
       "        [4025, 2555],\n",
       "        [4263, 3544],\n",
       "        [3429, 1564],\n",
       "        [3254, 2654],\n",
       "        [4558, 3554],\n",
       "        [2441, 3201],\n",
       "        [3541, 3240],\n",
       "        [3140, 2456],\n",
       "        [2545, 2446],\n",
       "        [4545, 3456],\n",
       "        [2647, 1999]], dtype=uint16),\n",
       " 'D': array([[1.00000000e-04, 2.53894348e+03, 2.87380462e+03, 2.57527338e+03,\n",
       "         2.31809944e+03, 2.15870795e+03, 2.21658408e+03, 3.17403970e+03,\n",
       "         3.37113453e+03, 3.54023841e+03, 1.73700115e+03, 1.37539085e+03,\n",
       "         1.69596492e+03, 1.25076976e+03, 1.61724241e+03, 2.49296550e+03,\n",
       "         2.61738132e+03, 2.75761002e+03, 2.47801856e+03, 2.38686824e+03,\n",
       "         2.77530197e+03, 3.02305177e+03, 2.16306287e+03, 2.20368646e+03,\n",
       "         2.11604844e+03, 2.31269237e+03, 1.87652471e+03, 2.21439382e+03,\n",
       "         1.24181561e+03, 1.56104837e+03, 1.25535851e+03],\n",
       "        [2.53894348e+03, 1.00000000e-04, 1.07353854e+03, 1.11287915e+02,\n",
       "         2.66835155e+02, 3.95031644e+02, 4.10118276e+02, 6.37942004e+02,\n",
       "         8.53553748e+02, 1.05500427e+03, 9.10191738e+02, 1.16379122e+03,\n",
       "         8.69009206e+02, 1.30877233e+03, 2.38885935e+03, 3.70870597e+02,\n",
       "         9.07930063e+02, 1.13626977e+03, 9.08014317e+02, 1.26354185e+03,\n",
       "         1.57214153e+03, 1.73229097e+03, 6.29085845e+02, 1.06024903e+03,\n",
       "         1.35041068e+03, 1.89657481e+03, 2.04969290e+03, 2.29002751e+03,\n",
       "         1.51082759e+03, 1.73909229e+03, 2.08948821e+03],\n",
       "        [2.87380462e+03, 1.07353854e+03, 1.00000000e-04, 9.64494686e+02,\n",
       "         9.88636435e+02, 1.09432399e+03, 1.38273135e+03, 1.24014556e+03,\n",
       "         1.46025375e+03, 1.68699644e+03, 1.20165552e+03, 1.68711855e+03,\n",
       "         1.57997785e+03, 1.88367725e+03, 3.23935580e+03, 7.30616178e+02,\n",
       "         2.67031833e+02, 1.71265875e+02, 3.98287585e+02, 6.02127063e+02,\n",
       "         6.12160110e+02, 6.92361900e+02, 8.20000000e+02, 6.81196741e+02,\n",
       "         8.78800319e+02, 1.20850858e+03, 1.59203643e+03, 1.66763455e+03,\n",
       "         1.63590739e+03, 1.51523101e+03, 1.94925883e+03],\n",
       "        [2.57527338e+03, 1.11287915e+02, 9.64494686e+02, 1.00000000e-04,\n",
       "         2.62053430e+02, 4.16707331e+02, 5.03563303e+02, 6.24724739e+02,\n",
       "         8.54915785e+02, 1.06841799e+03, 9.07229850e+02, 1.20413828e+03,\n",
       "         9.28568791e+02, 1.35951830e+03, 2.48193795e+03, 2.79016129e+02,\n",
       "         8.06744073e+02, 1.03181491e+03, 8.15838832e+02, 1.17954949e+03,\n",
       "         1.47350263e+03, 1.62807402e+03, 5.82383035e+02, 9.89469050e+02,\n",
       "         1.28400156e+03, 1.82256221e+03, 1.99825174e+03, 2.22575493e+03,\n",
       "         1.50985198e+03, 1.70548673e+03, 2.06996135e+03],\n",
       "        [2.31809944e+03, 2.66835155e+02, 9.88636435e+02, 2.62053430e+02,\n",
       "         1.00000000e-04, 1.63355441e+02, 3.95140481e+02, 8.85000000e+02,\n",
       "         1.11085598e+03, 1.31819156e+03, 6.48526021e+02, 9.52006828e+02,\n",
       "         7.01381494e+02, 1.11594355e+03, 2.31385739e+03, 2.68287160e+02,\n",
       "         7.74361673e+02, 1.01269640e+03, 7.37287597e+02, 1.05980800e+03,\n",
       "         1.41084726e+03, 1.59669690e+03, 3.77637392e+02, 8.32216919e+02,\n",
       "         1.11198022e+03, 1.66672043e+03, 1.79243800e+03, 2.04482982e+03,\n",
       "         1.25097282e+03, 1.47335705e+03, 1.82305348e+03],\n",
       "        [2.15870795e+03, 3.95031644e+02, 1.09432399e+03, 4.16707331e+02,\n",
       "         1.63355441e+02, 1.00000000e-04, 3.38634021e+02, 1.03034169e+03,\n",
       "         1.24857999e+03, 1.44768643e+03, 5.22644238e+02, 7.89744262e+02,\n",
       "         5.41912355e+02, 9.52588579e+02, 2.17194774e+03, 4.07682474e+02,\n",
       "         8.59414335e+02, 1.09673196e+03, 7.97779418e+02, 1.08027034e+03,\n",
       "         1.46209883e+03, 1.66390925e+03, 3.66760140e+02, 8.30952466e+02,\n",
       "         1.08912488e+03, 1.64887659e+03, 1.72879640e+03, 2.00265624e+03,\n",
       "         1.11873232e+03, 1.38318618e+03, 1.71099299e+03],\n",
       "        [2.21658408e+03, 4.10118276e+02, 1.38273135e+03, 5.03563303e+02,\n",
       "         3.95140481e+02, 3.38634021e+02, 1.00000000e-04, 9.84067579e+02,\n",
       "         1.16025730e+03, 1.32370125e+03, 7.76171373e+02, 8.57149345e+02,\n",
       "         5.20714893e+02, 9.66570225e+02, 1.97939183e+03, 6.55080148e+02,\n",
       "         1.16828935e+03, 1.40684399e+03, 1.12252082e+03, 1.41832472e+03,\n",
       "         1.79291996e+03, 1.98681378e+03, 7.05352394e+02, 1.16936094e+03,\n",
       "         1.42257935e+03, 1.98221719e+03, 2.03369860e+03, 2.32306801e+03,\n",
       "         1.32387046e+03, 1.66192930e+03, 1.94985640e+03],\n",
       "        [3.17403970e+03, 6.37942004e+02, 1.24014556e+03, 6.24724739e+02,\n",
       "         8.85000000e+02, 1.03034169e+03, 9.84067579e+02, 1.00000000e-04,\n",
       "         2.43417337e+02, 4.73767876e+02, 1.53195202e+03, 1.79873845e+03,\n",
       "         1.48984328e+03, 1.93540926e+03, 2.88062094e+03, 8.28032004e+02,\n",
       "         1.20743903e+03, 1.37265473e+03, 1.27762279e+03, 1.65767186e+03,\n",
       "         1.84158763e+03, 1.92816441e+03, 1.18553996e+03, 1.52724916e+03,\n",
       "         1.82469861e+03, 2.32375945e+03, 2.56706389e+03, 2.75631130e+03,\n",
       "         2.13457490e+03, 2.30876764e+03, 2.68684145e+03],\n",
       "        [3.37113453e+03, 8.53553748e+02, 1.46025375e+03, 8.54915785e+02,\n",
       "         1.11085598e+03, 1.24857999e+03, 1.16025730e+03, 2.43417337e+02,\n",
       "         1.00000000e-04, 2.32112042e+02, 1.75938199e+03, 1.99891370e+03,\n",
       "         1.67749128e+03, 2.12456043e+03, 2.98151388e+03, 1.07002477e+03,\n",
       "         1.44379950e+03, 1.59981280e+03, 1.51825821e+03, 1.89774603e+03,\n",
       "         2.06746052e+03, 2.14156065e+03, 1.42464487e+03, 1.77058013e+03,\n",
       "         2.06792964e+03, 2.56418603e+03, 2.81044996e+03, 2.99853031e+03,\n",
       "         2.36173199e+03, 2.54920615e+03, 2.92328394e+03],\n",
       "        [3.54023841e+03, 1.05500427e+03, 1.68699644e+03, 1.06841799e+03,\n",
       "         1.31819156e+03, 1.44768643e+03, 1.32370125e+03, 4.73767876e+02,\n",
       "         2.32112042e+02, 1.00000000e-04, 1.96510585e+03, 2.17567737e+03,\n",
       "         1.84440912e+03, 2.28981680e+03, 3.05655705e+03, 1.29533972e+03,\n",
       "         1.67568046e+03, 1.82910497e+03, 1.75025712e+03, 2.12982722e+03,\n",
       "         2.29592530e+03, 2.36420177e+03, 1.64502067e+03, 2.00046245e+03,\n",
       "         2.29812815e+03, 2.79624212e+03, 3.03879927e+03, 3.23000248e+03,\n",
       "         2.56566755e+03, 2.77041513e+03, 3.13819709e+03],\n",
       "        [1.73700115e+03, 9.10191738e+02, 1.20165552e+03, 9.07229850e+02,\n",
       "         6.48526021e+02, 5.22644238e+02, 7.76171373e+02, 1.53195202e+03,\n",
       "         1.75938199e+03, 1.96510585e+03, 1.00000000e-04, 4.93782341e+02,\n",
       "         5.26689662e+02, 6.91601041e+02, 2.10505344e+03, 7.65851160e+02,\n",
       "         9.34666786e+02, 1.12734910e+03, 8.09995679e+02, 9.04004978e+02,\n",
       "         1.34086092e+03, 1.58147305e+03, 4.26530187e+02, 6.38442636e+02,\n",
       "         7.76336267e+02, 1.30460147e+03, 1.27203931e+03, 1.58558790e+03,\n",
       "         6.02671552e+02, 8.86102139e+02, 1.18987142e+03],\n",
       "        [1.37539085e+03, 1.16379122e+03, 1.68711855e+03, 1.20413828e+03,\n",
       "         9.52006828e+02, 7.89744262e+02, 8.57149345e+02, 1.79873845e+03,\n",
       "         1.99891370e+03, 2.17567737e+03, 4.93782341e+02, 1.00000000e-04,\n",
       "         3.48282931e+02, 1.97891384e+02, 1.62438327e+03, 1.15563532e+03,\n",
       "         1.42044535e+03, 1.61987561e+03, 1.30056142e+03, 1.38444213e+03,\n",
       "         1.82285847e+03, 2.06737176e+03, 8.80223267e+02, 1.12532040e+03,\n",
       "         1.21613856e+03, 1.69031181e+03, 1.53015849e+03, 1.88481299e+03,\n",
       "         6.01240385e+02, 1.09158417e+03, 1.23402796e+03],\n",
       "        [1.69596492e+03, 8.69009206e+02, 1.57997785e+03, 9.28568791e+02,\n",
       "         7.01381494e+02, 5.41912355e+02, 5.20714893e+02, 1.48984328e+03,\n",
       "         1.67749128e+03, 1.84440912e+03, 5.26689662e+02, 3.48282931e+02,\n",
       "         1.00000000e-04, 4.47072701e+02, 1.65938302e+03, 9.45673305e+02,\n",
       "         1.32296788e+03, 1.54698739e+03, 1.22633804e+03, 1.40360714e+03,\n",
       "         1.83152669e+03, 2.06136484e+03, 7.64702557e+02, 1.13328593e+03,\n",
       "         1.30166816e+03, 1.82972703e+03, 1.75516666e+03, 2.08887171e+03,\n",
       "         8.99447052e+02, 1.33503745e+03, 1.54174576e+03],\n",
       "        [1.25076976e+03, 1.30877233e+03, 1.88367725e+03, 1.35951830e+03,\n",
       "         1.11594355e+03, 9.52588579e+02, 9.66570225e+02, 1.93540926e+03,\n",
       "         2.12456043e+03, 2.28981680e+03, 6.91601041e+02, 1.97891384e+02,\n",
       "         4.47072701e+02, 1.00000000e-04, 1.43623188e+03, 1.33400150e+03,\n",
       "         1.61721303e+03, 1.81770075e+03, 1.49816454e+03, 1.57817268e+03,\n",
       "         2.01646919e+03, 2.26206742e+03, 1.07337226e+03, 1.32111960e+03,\n",
       "         1.40044921e+03, 1.85606816e+03, 1.65922030e+03, 2.02186968e+03,\n",
       "         7.00469129e+02, 1.21659730e+03, 1.29904657e+03],\n",
       "        [1.61724241e+03, 2.38885935e+03, 3.23935580e+03, 2.48193795e+03,\n",
       "         2.31385739e+03, 2.17194774e+03, 1.97939183e+03, 2.88062094e+03,\n",
       "         2.98151388e+03, 3.05655705e+03, 2.10505344e+03, 1.62438327e+03,\n",
       "         1.65938302e+03, 1.43623188e+03, 1.00000000e-04, 2.57778548e+03,\n",
       "         2.98155194e+03, 3.20204091e+03, 2.87992934e+03, 3.00666343e+03,\n",
       "         3.44474353e+03, 3.68652370e+03, 2.42255609e+03, 2.74339370e+03,\n",
       "         2.83664379e+03, 3.27406246e+03, 3.00776229e+03, 3.37933263e+03,\n",
       "         2.05757454e+03, 2.57528193e+03, 2.50516347e+03],\n",
       "        [2.49296550e+03, 3.70870597e+02, 7.30616178e+02, 2.79016129e+02,\n",
       "         2.68287160e+02, 4.07682474e+02, 6.55080148e+02, 8.28032004e+02,\n",
       "         1.07002477e+03, 1.29533972e+03, 7.65851160e+02, 1.15563532e+03,\n",
       "         9.45673305e+02, 1.33400150e+03, 2.57778548e+03, 1.00000000e-04,\n",
       "         5.40564520e+02, 7.73679520e+02, 5.37941447e+02, 9.00844604e+02,\n",
       "         1.20174706e+03, 1.36759387e+03, 3.67009537e+02, 7.19711748e+02,\n",
       "         1.01698869e+03, 1.54780651e+03, 1.74592211e+03, 1.95831790e+03,\n",
       "         1.35275312e+03, 1.48184783e+03, 1.86848441e+03],\n",
       "        [2.61738132e+03, 9.07930063e+02, 2.67031833e+02, 8.06744073e+02,\n",
       "         7.74361673e+02, 8.59414335e+02, 1.16828935e+03, 1.20743903e+03,\n",
       "         1.44379950e+03, 1.67568046e+03, 9.34666786e+02, 1.42044535e+03,\n",
       "         1.32296788e+03, 1.61721303e+03, 2.98155194e+03, 5.40564520e+02,\n",
       "         1.00000000e-04, 2.38600084e+02, 1.41890803e+02, 4.66652976e+02,\n",
       "         6.68282874e+02, 8.27362677e+02, 5.59072446e+02, 4.51956856e+02,\n",
       "         6.99908565e+02, 1.12868286e+03, 1.44637824e+03, 1.57636449e+03,\n",
       "         1.38449016e+03, 1.31080471e+03, 1.74066654e+03],\n",
       "        [2.75761002e+03, 1.13626977e+03, 1.71265875e+02, 1.03181491e+03,\n",
       "         1.01269640e+03, 1.09673196e+03, 1.40684399e+03, 1.37265473e+03,\n",
       "         1.59981280e+03, 1.82910497e+03, 1.12734910e+03, 1.61987561e+03,\n",
       "         1.54698739e+03, 1.81770075e+03, 3.20204091e+03, 7.73679520e+02,\n",
       "         2.38600084e+02, 1.00000000e-04, 3.22374006e+02, 4.37594561e+02,\n",
       "         4.69092741e+02, 5.96259172e+02, 7.82858863e+02, 5.54008123e+02,\n",
       "         7.20706598e+02, 1.03800048e+03, 1.42294624e+03, 1.49687708e+03,\n",
       "         1.51605574e+03, 1.36162587e+03, 1.79596938e+03],\n",
       "        [2.47801856e+03, 9.08014317e+02, 3.98287585e+02, 8.15838832e+02,\n",
       "         7.37287597e+02, 7.97779418e+02, 1.12252082e+03, 1.27762279e+03,\n",
       "         1.51825821e+03, 1.75025712e+03, 8.09995679e+02, 1.30056142e+03,\n",
       "         1.22633804e+03, 1.49816454e+03, 2.87992934e+03, 5.37941447e+02,\n",
       "         1.41890803e+02, 3.22374006e+02, 1.00000000e-04, 3.80489159e+02,\n",
       "         6.73703941e+02, 8.66169729e+02, 4.64345776e+02, 3.13933114e+02,\n",
       "         5.78581887e+02, 1.04613670e+03, 1.33071748e+03, 1.48318711e+03,\n",
       "         1.24348301e+03, 1.17515956e+03, 1.60320585e+03],\n",
       "        [2.38686824e+03, 1.26354185e+03, 6.02127063e+02, 1.17954949e+03,\n",
       "         1.05980800e+03, 1.08027034e+03, 1.41832472e+03, 1.65767186e+03,\n",
       "         1.89774603e+03, 2.12982722e+03, 9.04004978e+02, 1.38444213e+03,\n",
       "         1.40360714e+03, 1.57817268e+03, 3.00666343e+03, 9.00844604e+02,\n",
       "         4.66652976e+02, 4.37594561e+02, 3.80489159e+02, 1.00000000e-04,\n",
       "         4.38416469e+02, 6.84965693e+02, 7.14079127e+02, 2.70336827e+02,\n",
       "         2.89394195e+02, 6.66556824e+02, 9.93642290e+02, 1.10999099e+03,\n",
       "         1.15238969e+03, 9.31615801e+02, 1.36500733e+03],\n",
       "        [2.77530197e+03, 1.57214153e+03, 6.12160110e+02, 1.47350263e+03,\n",
       "         1.41084726e+03, 1.46209883e+03, 1.79291996e+03, 1.84158763e+03,\n",
       "         2.06746052e+03, 2.29592530e+03, 1.34086092e+03, 1.82285847e+03,\n",
       "         1.83152669e+03, 2.01646919e+03, 3.44474353e+03, 1.20174706e+03,\n",
       "         6.68282874e+02, 4.69092741e+02, 6.73703941e+02, 4.38416469e+02,\n",
       "         1.00000000e-04, 2.51803495e+02, 1.10675200e+03, 7.03082499e+02,\n",
       "         6.64266513e+02, 6.92725775e+02, 1.16552134e+03, 1.13897542e+03,\n",
       "         1.56000545e+03, 1.25105755e+03, 1.66464711e+03],\n",
       "        [3.02305177e+03, 1.73229097e+03, 6.92361900e+02, 1.62807402e+03,\n",
       "         1.59669690e+03, 1.66390925e+03, 1.98681378e+03, 1.92816441e+03,\n",
       "         2.14156065e+03, 2.36420177e+03, 1.58147305e+03, 2.06737176e+03,\n",
       "         2.06136484e+03, 2.26206742e+03, 3.68652370e+03, 1.36759387e+03,\n",
       "         8.27362677e+02, 5.96259172e+02, 8.66169729e+02, 6.84965693e+02,\n",
       "         2.51803495e+02, 1.00000000e-04, 1.31988068e+03, 9.43203053e+02,\n",
       "         9.15480748e+02, 8.67107836e+02, 1.36347534e+03, 1.28229872e+03,\n",
       "         1.81135309e+03, 1.48870749e+03, 1.89351129e+03],\n",
       "        [2.16306287e+03, 6.29085845e+02, 8.20000000e+02, 5.82383035e+02,\n",
       "         3.77637392e+02, 3.66760140e+02, 7.05352394e+02, 1.18553996e+03,\n",
       "         1.42464487e+03, 1.64502067e+03, 4.26530187e+02, 8.80223267e+02,\n",
       "         7.64702557e+02, 1.07337226e+03, 2.42255609e+03, 3.67009537e+02,\n",
       "         5.59072446e+02, 7.82858863e+02, 4.64345776e+02, 7.14079127e+02,\n",
       "         1.10675200e+03, 1.31988068e+03, 1.00000000e-04, 4.65580283e+02,\n",
       "         7.35832861e+02, 1.29303867e+03, 1.42065478e+03, 1.66723874e+03,\n",
       "         9.91492310e+02, 1.12539993e+03, 1.50331966e+03],\n",
       "        [2.20368646e+03, 1.06024903e+03, 6.81196741e+02, 9.89469050e+02,\n",
       "         8.32216919e+02, 8.30952466e+02, 1.16936094e+03, 1.52724916e+03,\n",
       "         1.77058013e+03, 2.00046245e+03, 6.38442636e+02, 1.12532040e+03,\n",
       "         1.13328593e+03, 1.32111960e+03, 2.74339370e+03, 7.19711748e+02,\n",
       "         4.51956856e+02, 5.54008123e+02, 3.13933114e+02, 2.70336827e+02,\n",
       "         7.03082499e+02, 9.43203053e+02, 4.65580283e+02, 1.00000000e-04,\n",
       "         2.98236483e+02, 8.36767590e+02, 1.04370159e+03, 1.23861939e+03,\n",
       "         9.62051974e+02, 8.61465031e+02, 1.28935371e+03],\n",
       "        [2.11604844e+03, 1.35041068e+03, 8.78800319e+02, 1.28400156e+03,\n",
       "         1.11198022e+03, 1.08912488e+03, 1.42257935e+03, 1.82469861e+03,\n",
       "         2.06792964e+03, 2.29812815e+03, 7.76336267e+02, 1.21613856e+03,\n",
       "         1.30166816e+03, 1.40044921e+03, 2.83664379e+03, 1.01698869e+03,\n",
       "         6.99908565e+02, 7.20706598e+02, 5.78581887e+02, 2.89394195e+02,\n",
       "         6.64266513e+02, 9.15480748e+02, 7.35832861e+02, 2.98236483e+02,\n",
       "         1.00000000e-04, 5.59811575e+02, 7.53053783e+02, 9.41894368e+02,\n",
       "         8.95877782e+02, 6.42607968e+02, 1.07647573e+03],\n",
       "        [2.31269237e+03, 1.89657481e+03, 1.20850858e+03, 1.82256221e+03,\n",
       "         1.66672043e+03, 1.64887659e+03, 1.98221719e+03, 2.32375945e+03,\n",
       "         2.56418603e+03, 2.79624212e+03, 1.30460147e+03, 1.69031181e+03,\n",
       "         1.82972703e+03, 1.85606816e+03, 3.27406246e+03, 1.54780651e+03,\n",
       "         1.12868286e+03, 1.03800048e+03, 1.04613670e+03, 6.66556824e+02,\n",
       "         6.92725775e+02, 8.67107836e+02, 1.29303867e+03, 8.36767590e+02,\n",
       "         5.59811575e+02, 1.00000000e-04, 5.05506677e+02, 4.59567188e+02,\n",
       "         1.22946004e+03, 7.59964473e+02, 1.09262848e+03],\n",
       "        [1.87652471e+03, 2.04969290e+03, 1.59203643e+03, 1.99825174e+03,\n",
       "         1.79243800e+03, 1.72879640e+03, 2.03369860e+03, 2.56706389e+03,\n",
       "         2.81044996e+03, 3.03879927e+03, 1.27203931e+03, 1.53015849e+03,\n",
       "         1.75516666e+03, 1.65922030e+03, 3.00776229e+03, 1.74592211e+03,\n",
       "         1.44637824e+03, 1.42294624e+03, 1.33071748e+03, 9.93642290e+02,\n",
       "         1.16552134e+03, 1.36347534e+03, 1.42065478e+03, 1.04370159e+03,\n",
       "         7.53053783e+02, 5.05506677e+02, 1.00000000e-04, 3.71651719e+02,\n",
       "         9.65292184e+02, 4.42769692e+02, 6.24059292e+02],\n",
       "        [2.21439382e+03, 2.29002751e+03, 1.66763455e+03, 2.22575493e+03,\n",
       "         2.04482982e+03, 2.00265624e+03, 2.32306801e+03, 2.75631130e+03,\n",
       "         2.99853031e+03, 3.23000248e+03, 1.58558790e+03, 1.88481299e+03,\n",
       "         2.08887171e+03, 2.02186968e+03, 3.37933263e+03, 1.95831790e+03,\n",
       "         1.57636449e+03, 1.49687708e+03, 1.48318711e+03, 1.10999099e+03,\n",
       "         1.13897542e+03, 1.28229872e+03, 1.66723874e+03, 1.23861939e+03,\n",
       "         9.41894368e+02, 4.59567188e+02, 3.71651719e+02, 1.00000000e-04,\n",
       "         1.33314440e+03, 8.09456608e+02, 9.61002081e+02],\n",
       "        [1.24181561e+03, 1.51082759e+03, 1.63590739e+03, 1.50985198e+03,\n",
       "         1.25097282e+03, 1.11873232e+03, 1.32387046e+03, 2.13457490e+03,\n",
       "         2.36173199e+03, 2.56566755e+03, 6.02671552e+02, 6.01240385e+02,\n",
       "         8.99447052e+02, 7.00469129e+02, 2.05757454e+03, 1.35275312e+03,\n",
       "         1.38449016e+03, 1.51605574e+03, 1.24348301e+03, 1.15238969e+03,\n",
       "         1.56000545e+03, 1.81135309e+03, 9.91492310e+02, 9.62051974e+02,\n",
       "         8.95877782e+02, 1.22946004e+03, 9.65292184e+02, 1.33314440e+03,\n",
       "         1.00000000e-04, 5.23688839e+02, 6.42299774e+02],\n",
       "        [1.56104837e+03, 1.73909229e+03, 1.51523101e+03, 1.70548673e+03,\n",
       "         1.47335705e+03, 1.38318618e+03, 1.66192930e+03, 2.30876764e+03,\n",
       "         2.54920615e+03, 2.77041513e+03, 8.86102139e+02, 1.09158417e+03,\n",
       "         1.33503745e+03, 1.21659730e+03, 2.57528193e+03, 1.48184783e+03,\n",
       "         1.31080471e+03, 1.36162587e+03, 1.17515956e+03, 9.31615801e+02,\n",
       "         1.25105755e+03, 1.48870749e+03, 1.12539993e+03, 8.61465031e+02,\n",
       "         6.42607968e+02, 7.59964473e+02, 4.42769692e+02, 8.09456608e+02,\n",
       "         5.23688839e+02, 1.00000000e-04, 4.34355845e+02],\n",
       "        [1.25535851e+03, 2.08948821e+03, 1.94925883e+03, 2.06996135e+03,\n",
       "         1.82305348e+03, 1.71099299e+03, 1.94985640e+03, 2.68684145e+03,\n",
       "         2.92328394e+03, 3.13819709e+03, 1.18987142e+03, 1.23402796e+03,\n",
       "         1.54174576e+03, 1.29904657e+03, 2.50516347e+03, 1.86848441e+03,\n",
       "         1.74066654e+03, 1.79596938e+03, 1.60320585e+03, 1.36500733e+03,\n",
       "         1.66464711e+03, 1.89351129e+03, 1.50331966e+03, 1.28935371e+03,\n",
       "         1.07647573e+03, 1.09262848e+03, 6.24059292e+02, 9.61002081e+02,\n",
       "         6.42299774e+02, 4.34355845e+02, 1.00000000e-04]]),\n",
       " 'n': array([[31]], dtype=uint8),\n",
       " 'i': array([[31]], dtype=uint8),\n",
       " 'j': array([[30]], dtype=uint8),\n",
       " 'Eta': array([[1.00000000e+04, 3.93864616e-04, 3.47970768e-04, 3.88308289e-04,\n",
       "         4.31387879e-04, 4.63240061e-04, 4.51144627e-04, 3.15055921e-04,\n",
       "         2.96636041e-04, 2.82466852e-04, 5.75704857e-04, 7.27066054e-04,\n",
       "         5.89634839e-04, 7.99507655e-04, 6.18336494e-04, 4.01128695e-04,\n",
       "         3.82061257e-04, 3.62632858e-04, 4.03548228e-04, 4.18959029e-04,\n",
       "         3.60321152e-04, 3.30791556e-04, 4.62307412e-04, 4.53785064e-04,\n",
       "         4.72578974e-04, 4.32396463e-04, 5.32899989e-04, 4.51590855e-04,\n",
       "         8.05272534e-04, 6.40595142e-04, 7.96585189e-04],\n",
       "        [3.93864616e-04, 1.00000000e+04, 9.31498928e-04, 8.98570165e-03,\n",
       "         3.74763213e-03, 2.53144277e-03, 2.43832099e-03, 1.56754061e-03,\n",
       "         1.17157239e-03, 9.47863466e-04, 1.09866961e-03, 8.59260651e-04,\n",
       "         1.15073580e-03, 7.64074836e-04, 4.18609827e-04, 2.69635826e-03,\n",
       "         1.10140642e-03, 8.80072693e-04, 1.10130422e-03, 7.91426103e-04,\n",
       "         6.36075047e-04, 5.77270227e-04, 1.58960817e-03, 9.43174645e-04,\n",
       "         7.40515471e-04, 5.27266310e-04, 4.87877964e-04, 4.36675977e-04,\n",
       "         6.61888893e-04, 5.75012611e-04, 4.78586092e-04],\n",
       "        [3.47970768e-04, 9.31498928e-04, 1.00000000e+04, 1.03681235e-03,\n",
       "         1.01149418e-03, 9.13806155e-04, 7.23206280e-04, 8.06356960e-04,\n",
       "         6.84812488e-04, 5.92769477e-04, 8.32185247e-04, 5.92726575e-04,\n",
       "         6.32920266e-04, 5.30876506e-04, 3.08703354e-04, 1.36870772e-03,\n",
       "         3.74487187e-03, 5.83887478e-03, 2.51074861e-03, 1.66077903e-03,\n",
       "         1.63355956e-03, 1.44433135e-03, 1.21951220e-03, 1.46800467e-03,\n",
       "         1.13791493e-03, 8.27466195e-04, 6.28126329e-04, 5.99651763e-04,\n",
       "         6.11281546e-04, 6.59965376e-04, 5.13015503e-04],\n",
       "        [3.88308289e-04, 8.98570165e-03, 1.03681235e-03, 1.00000000e+04,\n",
       "         3.81601569e-03, 2.39976579e-03, 1.98584765e-03, 1.60070498e-03,\n",
       "         1.16970586e-03, 9.35963275e-04, 1.10225650e-03, 8.30469403e-04,\n",
       "         1.07692614e-03, 7.35554646e-04, 4.02910959e-04, 3.58402220e-03,\n",
       "         1.23955048e-03, 9.69166073e-04, 1.22573229e-03, 8.47781300e-04,\n",
       "         6.78655049e-04, 6.14222689e-04, 1.71708298e-03, 1.01064303e-03,\n",
       "         7.78815255e-04, 5.48678117e-04, 5.00437448e-04, 4.49285762e-04,\n",
       "         6.62316580e-04, 5.86342878e-04, 4.83100807e-04],\n",
       "        [4.31387879e-04, 3.74763213e-03, 1.01149418e-03, 3.81601569e-03,\n",
       "         1.00000000e+04, 6.12162041e-03, 2.53074551e-03, 1.12994350e-03,\n",
       "         9.00206707e-04, 7.58615081e-04, 1.54195818e-03, 1.05041263e-03,\n",
       "         1.42575761e-03, 8.96102677e-04, 4.32178753e-04, 3.72734946e-03,\n",
       "         1.29138623e-03, 9.87462777e-04, 1.35632283e-03, 9.43567135e-04,\n",
       "         7.08793947e-04, 6.26292941e-04, 2.64804286e-03, 1.20160979e-03,\n",
       "         8.99296576e-04, 5.99980645e-04, 5.57899351e-04, 4.89038251e-04,\n",
       "         7.99377878e-04, 6.78722106e-04, 5.48530260e-04],\n",
       "        [4.63240061e-04, 2.53144277e-03, 9.13806155e-04, 2.39976579e-03,\n",
       "         6.12162041e-03, 1.00000000e+04, 2.95304057e-03, 9.70551817e-04,\n",
       "         8.00909838e-04, 6.90757321e-04, 1.91334741e-03, 1.26623269e-03,\n",
       "         1.84531685e-03, 1.04977114e-03, 4.60416234e-04, 2.45288935e-03,\n",
       "         1.16358310e-03, 9.11799814e-04, 1.25347932e-03, 9.25694214e-04,\n",
       "         6.83948292e-04, 6.00994314e-04, 2.72657765e-03, 1.20343827e-03,\n",
       "         9.18168357e-04, 6.06473527e-04, 5.78437113e-04, 4.99336822e-04,\n",
       "         8.93868876e-04, 7.22968474e-04, 5.84455932e-04],\n",
       "        [4.51144627e-04, 2.43832099e-03, 7.23206280e-04, 1.98584765e-03,\n",
       "         2.53074551e-03, 2.95304057e-03, 1.00000000e+04, 1.01619037e-03,\n",
       "         8.61877793e-04, 7.55457472e-04, 1.28837527e-03, 1.16665784e-03,\n",
       "         1.92043672e-03, 1.03458598e-03, 5.05205683e-04, 1.52653077e-03,\n",
       "         8.55952339e-04, 7.10810872e-04, 8.90852070e-04, 7.05057163e-04,\n",
       "         5.57749381e-04, 5.03318434e-04, 1.41773106e-03, 8.55167954e-04,\n",
       "         7.02948487e-04, 5.04485585e-04, 4.91714947e-04, 4.30465227e-04,\n",
       "         7.55360912e-04, 6.01710313e-04, 5.12858279e-04],\n",
       "        [3.15055921e-04, 1.56754061e-03, 8.06356960e-04, 1.60070498e-03,\n",
       "         1.12994350e-03, 9.70551817e-04, 1.01619037e-03, 1.00000000e+04,\n",
       "         4.10817081e-03, 2.11073830e-03, 6.52761957e-04, 5.55945197e-04,\n",
       "         6.71211538e-04, 5.16686585e-04, 3.47147376e-04, 1.20768279e-03,\n",
       "         8.28199171e-04, 7.28515322e-04, 7.82703632e-04, 6.03255701e-04,\n",
       "         5.43009729e-04, 5.18627973e-04, 8.43497505e-04, 6.54772008e-04,\n",
       "         5.48035712e-04, 4.30337141e-04, 3.89550102e-04, 3.62803722e-04,\n",
       "         4.68477354e-04, 4.33131505e-04, 3.72184223e-04],\n",
       "        [2.96636041e-04, 1.17157239e-03, 6.84812488e-04, 1.16970586e-03,\n",
       "         9.00206707e-04, 8.00909838e-04, 8.61877793e-04, 4.10817081e-03,\n",
       "         1.00000000e+04, 4.30826420e-03, 5.68381400e-04, 5.00271721e-04,\n",
       "         5.96128285e-04, 4.70685601e-04, 3.35400082e-04, 9.34557808e-04,\n",
       "         6.92616945e-04, 6.25073133e-04, 6.58649492e-04, 5.26940899e-04,\n",
       "         4.83685173e-04, 4.66949186e-04, 7.01929318e-04, 5.64786638e-04,\n",
       "         4.83575447e-04, 3.89987305e-04, 3.55814910e-04, 3.33496713e-04,\n",
       "         4.23418069e-04, 3.92278984e-04, 3.42081036e-04],\n",
       "        [2.82466852e-04, 9.47863466e-04, 5.92769477e-04, 9.35963275e-04,\n",
       "         7.58615081e-04, 6.90757321e-04, 7.55457472e-04, 2.11073830e-03,\n",
       "         4.30826420e-03, 1.00000000e+04, 5.08878440e-04, 4.59626972e-04,\n",
       "         5.42179059e-04, 4.36716159e-04, 3.27165495e-04, 7.71998250e-04,\n",
       "         5.96772490e-04, 5.46715478e-04, 5.71344625e-04, 4.69521654e-04,\n",
       "         4.35554240e-04, 4.22975743e-04, 6.07895098e-04, 4.99884415e-04,\n",
       "         4.35136744e-04, 3.57622823e-04, 3.29077346e-04, 3.09597286e-04,\n",
       "         3.89762110e-04, 3.60956735e-04, 3.18654301e-04],\n",
       "        [5.75704857e-04, 1.09866961e-03, 8.32185247e-04, 1.10225650e-03,\n",
       "         1.54195818e-03, 1.91334741e-03, 1.28837527e-03, 6.52761957e-04,\n",
       "         5.68381400e-04, 5.08878440e-04, 1.00000000e+04, 2.02518381e-03,\n",
       "         1.89865128e-03, 1.44592032e-03, 4.75047322e-04, 1.30573674e-03,\n",
       "         1.06990001e-03, 8.87036675e-04, 1.23457449e-03, 1.10618860e-03,\n",
       "         7.45789505e-04, 6.32321873e-04, 2.34449995e-03, 1.56631143e-03,\n",
       "         1.28810162e-03, 7.66517608e-04, 7.86139229e-04, 6.30680896e-04,\n",
       "         1.65927858e-03, 1.12853807e-03, 8.40426942e-04],\n",
       "        [7.27066054e-04, 8.59260651e-04, 5.92726575e-04, 8.30469403e-04,\n",
       "         1.05041263e-03, 1.26623269e-03, 1.16665784e-03, 5.55945197e-04,\n",
       "         5.00271721e-04, 4.59626972e-04, 2.02518381e-03, 1.00000000e+04,\n",
       "         2.87122885e-03, 5.05327710e-03, 6.15618260e-04, 8.65324882e-04,\n",
       "         7.04004556e-04, 6.17331351e-04, 7.68898713e-04, 7.22312606e-04,\n",
       "         5.48588942e-04, 4.83705939e-04, 1.13607540e-03, 8.88635806e-04,\n",
       "         8.22274724e-04, 5.91606825e-04, 6.53527074e-04, 5.30556616e-04,\n",
       "         1.66322826e-03, 9.16099764e-04, 8.10354412e-04],\n",
       "        [5.89634839e-04, 1.15073580e-03, 6.32920266e-04, 1.07692614e-03,\n",
       "         1.42575761e-03, 1.84531685e-03, 1.92043672e-03, 6.71211538e-04,\n",
       "         5.96128285e-04, 5.42179059e-04, 1.89865128e-03, 2.87122885e-03,\n",
       "         1.00000000e+04, 2.23677267e-03, 6.02633623e-04, 1.05744764e-03,\n",
       "         7.55876252e-04, 6.46417678e-04, 8.15435845e-04, 7.12450067e-04,\n",
       "         5.45992591e-04, 4.85115483e-04, 1.30769800e-03, 8.82389848e-04,\n",
       "         7.68244957e-04, 5.46529610e-04, 5.69746465e-04, 4.78727342e-04,\n",
       "         1.11179418e-03, 7.49042656e-04, 6.48615371e-04],\n",
       "        [7.99507655e-04, 7.64074836e-04, 5.30876506e-04, 7.35554646e-04,\n",
       "         8.96102677e-04, 1.04977114e-03, 1.03458598e-03, 5.16686585e-04,\n",
       "         4.70685601e-04, 4.36716159e-04, 1.44592032e-03, 5.05327710e-03,\n",
       "         2.23677267e-03, 1.00000000e+04, 6.96266402e-04, 7.49624345e-04,\n",
       "         6.18347724e-04, 5.50145563e-04, 6.67483424e-04, 6.33644223e-04,\n",
       "         4.95916330e-04, 4.42073473e-04, 9.31643234e-04, 7.56933740e-04,\n",
       "         7.14056597e-04, 5.38773319e-04, 6.02692723e-04, 4.94591719e-04,\n",
       "         1.42761466e-03, 8.21964669e-04, 7.69795341e-04],\n",
       "        [6.18336494e-04, 4.18609827e-04, 3.08703354e-04, 4.02910959e-04,\n",
       "         4.32178753e-04, 4.60416234e-04, 5.05205683e-04, 3.47147376e-04,\n",
       "         3.35400082e-04, 3.27165495e-04, 4.75047322e-04, 6.15618260e-04,\n",
       "         6.02633623e-04, 6.96266402e-04, 1.00000000e+04, 3.87929875e-04,\n",
       "         3.35395800e-04, 3.12300819e-04, 3.47230742e-04, 3.32594593e-04,\n",
       "         2.90297374e-04, 2.71258259e-04, 4.12787140e-04, 3.64512027e-04,\n",
       "         3.52529282e-04, 3.05430948e-04, 3.32473082e-04, 2.95916416e-04,\n",
       "         4.86009123e-04, 3.88307000e-04, 3.99175548e-04],\n",
       "        [4.01128695e-04, 2.69635826e-03, 1.36870772e-03, 3.58402220e-03,\n",
       "         3.72734946e-03, 2.45288935e-03, 1.52653077e-03, 1.20768279e-03,\n",
       "         9.34557808e-04, 7.71998250e-04, 1.30573674e-03, 8.65324882e-04,\n",
       "         1.05744764e-03, 7.49624345e-04, 3.87929875e-04, 1.00000000e+04,\n",
       "         1.84991793e-03, 1.29252484e-03, 1.85893838e-03, 1.11006937e-03,\n",
       "         8.32121860e-04, 7.31211232e-04, 2.72472484e-03, 1.38944515e-03,\n",
       "         9.83295102e-04, 6.46075586e-04, 5.72763239e-04, 5.10642322e-04,\n",
       "         7.39233188e-04, 6.74833122e-04, 5.35193119e-04],\n",
       "        [3.82061257e-04, 1.10140642e-03, 3.74487187e-03, 1.23955048e-03,\n",
       "         1.29138623e-03, 1.16358310e-03, 8.55952339e-04, 8.28199171e-04,\n",
       "         6.92616945e-04, 5.96772490e-04, 1.06990001e-03, 7.04004556e-04,\n",
       "         7.55876252e-04, 6.18347724e-04, 3.35395800e-04, 1.84991793e-03,\n",
       "         1.00000000e+04, 4.19111336e-03, 7.04767313e-03, 2.14292001e-03,\n",
       "         1.49637233e-03, 1.20865979e-03, 1.78867695e-03, 2.21260057e-03,\n",
       "         1.42875805e-03, 8.85988469e-04, 6.91382085e-04, 6.34371053e-04,\n",
       "         7.22287546e-04, 7.62890146e-04, 5.74492574e-04],\n",
       "        [3.62632858e-04, 8.80072693e-04, 5.83887478e-03, 9.69166073e-04,\n",
       "         9.87462777e-04, 9.11799814e-04, 7.10810872e-04, 7.28515322e-04,\n",
       "         6.25073133e-04, 5.46715478e-04, 8.87036675e-04, 6.17331351e-04,\n",
       "         6.46417678e-04, 5.50145563e-04, 3.12300819e-04, 1.29252484e-03,\n",
       "         4.19111336e-03, 1.00000000e+04, 3.10198707e-03, 2.28522036e-03,\n",
       "         2.13177462e-03, 1.67712305e-03, 1.27736946e-03, 1.80502769e-03,\n",
       "         1.38752719e-03, 9.63390690e-04, 7.02767239e-04, 6.68057526e-04,\n",
       "         6.59606356e-04, 7.34416131e-04, 5.56802367e-04],\n",
       "        [4.03548228e-04, 1.10130422e-03, 2.51074861e-03, 1.22573229e-03,\n",
       "         1.35632283e-03, 1.25347932e-03, 8.90852070e-04, 7.82703632e-04,\n",
       "         6.58649492e-04, 5.71344625e-04, 1.23457449e-03, 7.68898713e-04,\n",
       "         8.15435845e-04, 6.67483424e-04, 3.47230742e-04, 1.85893838e-03,\n",
       "         7.04767313e-03, 3.10198707e-03, 1.00000000e+04, 2.62819578e-03,\n",
       "         1.48433153e-03, 1.15450814e-03, 2.15356756e-03, 3.18539191e-03,\n",
       "         1.72836382e-03, 9.55898018e-04, 7.51474312e-04, 6.74223767e-04,\n",
       "         8.04192732e-04, 8.50948272e-04, 6.23750219e-04],\n",
       "        [4.18959029e-04, 7.91426103e-04, 1.66077903e-03, 8.47781300e-04,\n",
       "         9.43567135e-04, 9.25694214e-04, 7.05057163e-04, 6.03255701e-04,\n",
       "         5.26940899e-04, 4.69521654e-04, 1.10618860e-03, 7.22312606e-04,\n",
       "         7.12450067e-04, 6.33644223e-04, 3.32594593e-04, 1.11006937e-03,\n",
       "         2.14292001e-03, 2.28522036e-03, 2.62819578e-03, 1.00000000e+04,\n",
       "         2.28093621e-03, 1.45992713e-03, 1.40040503e-03, 3.69908906e-03,\n",
       "         3.45549433e-03, 1.50024719e-03, 1.00639839e-03, 9.00908213e-04,\n",
       "         8.67762015e-04, 1.07340386e-03, 7.32596801e-04],\n",
       "        [3.60321152e-04, 6.36075047e-04, 1.63355956e-03, 6.78655049e-04,\n",
       "         7.08793947e-04, 6.83948292e-04, 5.57749381e-04, 5.43009729e-04,\n",
       "         4.83685173e-04, 4.35554240e-04, 7.45789505e-04, 5.48588942e-04,\n",
       "         5.45992591e-04, 4.95916330e-04, 2.90297374e-04, 8.32121860e-04,\n",
       "         1.49637233e-03, 2.13177462e-03, 1.48433153e-03, 2.28093621e-03,\n",
       "         1.00000000e+04, 3.97135076e-03, 9.03544783e-04, 1.42230820e-03,\n",
       "         1.50541986e-03, 1.44357267e-03, 8.57985147e-04, 8.77982075e-04,\n",
       "         6.41023402e-04, 7.99323738e-04, 6.00727923e-04],\n",
       "        [3.30791556e-04, 5.77270227e-04, 1.44433135e-03, 6.14222689e-04,\n",
       "         6.26292941e-04, 6.00994314e-04, 5.03318434e-04, 5.18627973e-04,\n",
       "         4.66949186e-04, 4.22975743e-04, 6.32321873e-04, 4.83705939e-04,\n",
       "         4.85115483e-04, 4.42073473e-04, 2.71258259e-04, 7.31211232e-04,\n",
       "         1.20865979e-03, 1.67712305e-03, 1.15450814e-03, 1.45992713e-03,\n",
       "         3.97135076e-03, 1.00000000e+04, 7.57644246e-04, 1.06021709e-03,\n",
       "         1.09232226e-03, 1.15325910e-03, 7.33419939e-04, 7.79849490e-04,\n",
       "         5.52073479e-04, 6.71723629e-04, 5.28119376e-04],\n",
       "        [4.62307412e-04, 1.58960817e-03, 1.21951220e-03, 1.71708298e-03,\n",
       "         2.64804286e-03, 2.72657765e-03, 1.41773106e-03, 8.43497505e-04,\n",
       "         7.01929318e-04, 6.07895098e-04, 2.34449995e-03, 1.13607540e-03,\n",
       "         1.30769800e-03, 9.31643234e-04, 4.12787140e-04, 2.72472484e-03,\n",
       "         1.78867695e-03, 1.27736946e-03, 2.15356756e-03, 1.40040503e-03,\n",
       "         9.03544783e-04, 7.57644246e-04, 1.00000000e+04, 2.14785728e-03,\n",
       "         1.35900427e-03, 7.73372076e-04, 7.03900775e-04, 5.99794126e-04,\n",
       "         1.00858069e-03, 8.88573008e-04, 6.65194520e-04],\n",
       "        [4.53785064e-04, 9.43174645e-04, 1.46800467e-03, 1.01064303e-03,\n",
       "         1.20160979e-03, 1.20343827e-03, 8.55167954e-04, 6.54772008e-04,\n",
       "         5.64786638e-04, 4.99884415e-04, 1.56631143e-03, 8.88635806e-04,\n",
       "         8.82389848e-04, 7.56933740e-04, 3.64512027e-04, 1.38944515e-03,\n",
       "         2.21260057e-03, 1.80502769e-03, 3.18539191e-03, 3.69908906e-03,\n",
       "         1.42230820e-03, 1.06021709e-03, 2.14785728e-03, 1.00000000e+04,\n",
       "         3.35304383e-03, 1.19507497e-03, 9.58128275e-04, 8.07350511e-04,\n",
       "         1.03944488e-03, 1.16081322e-03, 7.75582363e-04],\n",
       "        [4.72578974e-04, 7.40515471e-04, 1.13791493e-03, 7.78815255e-04,\n",
       "         8.99296576e-04, 9.18168357e-04, 7.02948487e-04, 5.48035712e-04,\n",
       "         4.83575447e-04, 4.35136744e-04, 1.28810162e-03, 8.22274724e-04,\n",
       "         7.68244957e-04, 7.14056597e-04, 3.52529282e-04, 9.83295102e-04,\n",
       "         1.42875805e-03, 1.38752719e-03, 1.72836382e-03, 3.45549433e-03,\n",
       "         1.50541986e-03, 1.09232226e-03, 1.35900427e-03, 3.35304383e-03,\n",
       "         1.00000000e+04, 1.78631533e-03, 1.32792640e-03, 1.06169018e-03,\n",
       "         1.11622369e-03, 1.55615873e-03, 9.28957310e-04],\n",
       "        [4.32396463e-04, 5.27266310e-04, 8.27466195e-04, 5.48678117e-04,\n",
       "         5.99980645e-04, 6.06473527e-04, 5.04485585e-04, 4.30337141e-04,\n",
       "         3.89987305e-04, 3.57622823e-04, 7.66517608e-04, 5.91606825e-04,\n",
       "         5.46529610e-04, 5.38773319e-04, 3.05430948e-04, 6.46075586e-04,\n",
       "         8.85988469e-04, 9.63390690e-04, 9.55898018e-04, 1.50024719e-03,\n",
       "         1.44357267e-03, 1.15325910e-03, 7.73372076e-04, 1.19507497e-03,\n",
       "         1.78631533e-03, 1.00000000e+04, 1.97821324e-03, 2.17596040e-03,\n",
       "         8.13365188e-04, 1.31585098e-03, 9.15224174e-04],\n",
